TP変動一覧
基準値は
超強気（性格基準値40以上）
強気（性格基準値20以上）
普通（性格基準値-19～19）
弱気（性格基準値-20以下）
超弱気（性格基準値-40以下）
の順で記載

他は性格順（「ふつう」が先頭になっている点に注意）


●全体処理（ADD_TP内に処理を記載）
22:感情乏しい	変化量半分



●TP基準値
110
105
100
95
90

14:大人しい	-10補正

性格が2,7,10なら+5
同じく6,12,13なら-5


●時間経過
基準値との差分を取り、3割+2 ずつ基準値に近付く


●攻撃を当てた
+3
+3
+6
+4
+4
+3
+2
+5
+3
+5
+5
+2
+2
+2
+3



●敵を倒した
+10
+10
+20
+15
+15
+10
+7
+20
+10
+15
+20
+7
+5
+7
+12


●攻撃を外した
-2
-2
+2
-4
+0
-2
-3
+0
-2
-3
+1
-1
-5
-3
-2




●通常攻撃を食らった
-3
-3
-3
-5
-2
-4
-7
+0
-3
-3
-2
-1
-5
-4
+2


10:臆病			-1補正
11:反抗的		+4補正
40:痛みに弱い	絶対値が+2


●通常攻撃を避けた
+1
+1
+1
+3
+2
+6
+1
+3
+1
+2
+2
+0
+0
+0
+1



●衣服攻撃を食らった
-3
-3
-3
-4
-2
-3
-5
-1
+1
-3
-2
-1
-6
-5
+2


10:臆病		-1補正
11:反抗的	+4補正
33:解放		+0にする



●衣服攻撃を避けた
+1
+1
+1
+3
+2
+5
+0
+3
+1
+1
+2
+0
+0
+0
+1



●性攻撃を食らった
-1
-1
-1
-3
+0
-2
-4
+1
+7
-1
-2
+0
-4
-3
+2


10:臆病			-1補正
11:反抗的		+1補正
15:プライド高い	+2補正
30:貞操観念		-2補正(Vのみ)
31:貞操無頓着	+0にする(Vのみ)
70:快感に素直	+2補正
109:貧乳		+3補正(Bのみ)
155:異形耐性	最低を+0にする



●性攻撃を避けた（殆ど発生しない）
+2
+2
+2
+4
+3
+6
+1
+3
+5
+2
+2
+1
+1
+1
+2



●拘束攻撃を食らった
-4
-4
-4
-6
-3
-5
-7
-2
+4
-5
-1
-1
-8
-6
+2


10:臆病		-1補正
11:反抗的	+3補正
26:悲観的	現在TPが0になる



●拘束攻撃を避けた
+2
+2
+2
+4
+3
+5
+1
+4
+4
+2
+2
+1
+1
+1
+2



●寄生攻撃を食らった
-5
-5
-5
-8
-3
-6
-10
-3
+2
-5
-4
-2
-8
-7
+1


10:臆病			-1補正
11:反抗的		+4補正
152:綺麗好き	-3補正
155:異形耐性	最低を+0にする



●寄生攻撃を避けた（普通はありえない）
+1
+1
+1
+2
+2
+4
+0
+3
+2
+1
+1
+0
+0
+0
+1



●拘束されている
-3
+1
-3
-4
-2
-3
-5
+0
+2
-4
-2
-1
-6
-5
+1


11:反抗的	+2補正
34:抵抗		+2補正



●丸呑みされている
-5
+1
-5
-6
-4
-5
-8
+0
+2
-7
-4
-2
-9
-8
+1


11:反抗的	+2補正
34:抵抗		+2補正
61:汚臭鈍感	+0にする
62:汚臭敏感	変化量2倍



●HPが0になった
-5
-5
-5
-8
-3
-6
-15
-2
-5
-6
-3
-2
-10
-8
+5


25:楽観的	最低が+0に



●CPが0になった
-3
-3
-3
-5
-2
-3
-7
+1
+5
-4
-2
-1
-8
-6
+2


33:解放		+10にする



●絶頂した
-5
-5
-5
-5
-5
-5
-5
+2
+5
-5
-5
-3
-5
-5
-5


13:素直　17:プライド低い　25:楽観的　33:解放　36:恥薄い　70:快感に素直
の何れかを持っていると+2に変更（元々+なら+2補正）

32:抑圧		+0にする


●仲間が拘束された
+0
+15
+0
+0
+1
+0
-1
+1
+0
+0
+1
+0
-2
-10
+0



●仲間が戦意喪失した
-7
+5
-7
-12
-5
-7
-8
-2
-7
-7
+2
-3
-10
-20
-7


21:無関心	+0にする
26:悲観的	現在TPが0になる



