敵のデータ一覧
HP＝耐久力
戦闘素質＝火力
速度＝行動順
強さランク＝出てきやすさ、数字が大きいほど出会いにくく7は出会うのに特別な条件が必要（固定敵やイベント戦他）　基本的にHPが高いか厄介な特殊能力があると数字が大きくなる
種類＝コンフィグで偏りを設定するときの種類　1.女性系、2.植物系、4.動物系、8.丸呑系、16.海産系、32.触手（その他分類が難しいもの）、64.スライム系、128.男性系、256.罠系、512.機械系　複数属性あり　強さランク7は自然湧きしないので決まっていない

                              HP     戦闘素質      速度  強さランク  種類
1   クイーン本体           100,000      200         80        7        
2   クイーンお供         1,000,000      160         50        7        
3   ガーディアン            60,000      140         70        7        
4   バイオプラント          30,000      110         20        7        8,32

--ここまで　いわゆる固定敵--

5   リビングバイン           1,300       50         30        1        2
6   スカーレットバイン      10,000       65         90        5        2
7   ワーム                   2,500       60         60        1        4
8   サンドワーム            15,000       80         70        5        4
9   オクトパス               5,000       70         10        3        16
10  クラーケン              20,000      100         30        6        16
11  イソツビ                12,000       85         20        4        8,16
12  アクティニア            25,000      115         15        6        8,16
13  スライム                15,000      105         60        5        8,16,64
14  ブロブ                  30,000      135         70        6        8,16,64
15  アルラウネ              20,000      130         50        5        1,2
16  ドリアード              35,000      155         80        6        1,2
17  シェイプシフター        25,000      150         70        7        32
18  ドッペルゲンガー        35,000      180        110        7        1,32
19  ○○の娘            （両親による）                        7        1
20  ○○の息子（多分出さないけど一応枠は取っておく）

--ここからパッチによる追加勢--

                              HP     戦闘素質      速度  強さランク  種類
21  サンドバタフライ         5,000       50        100        2        1,4
22  スモークミスト           2,000       50        100        1        32,64
23  マンイーター             3,500       50        100        3        2,8
24  レディポイズン           4,000       50        100        3        1,2
25  ダークアイ              16,000       50        100        6        32
26  ミステリードール         8,000       50        100        4        32
27  ゲルスライム             5,000       75         40        3        8,64
28  レッドプリン             9,500      105         60        4        8,64
29  テンタクルス             6,000       50         10        2        16
30  ダブルイール             6,000       50         70        4        8,16
31  フェアリーイーター      20,000       65         20        5        2,8
32  エンジェルドーター       1,300      150          5        2        1
33  ミミック                 2,000       85          5        2        8,32
34  アルケニー               1,300       10          5        5        2
35  ショゴスセル             9,000       70          5        5        1,8,64
36  ビオラキメラ            12,000      100          5        6        1,2
37  ワイヤーゴースト         3,000       50         50        2        1
38  スノウガール            17,000       90         50        6        1
39  サンダーラプター         9,000       50        100        5        1,4
40  バンシー                 1,600       60         20        1        1
41  サキュバス               1,300       50         50        1        1
42  ローズフェアリー         2,000       50        100        2        1,2
43  ナイトメアケージ        55.000      135         25        7        8,32
44  レッサーヒュプノ         8,000       50         50        5        32
45  コウノトリ               3,000       20        100        2        4
46  フコウノトリ            20,000      200        150        6        4
47  ユニコーン               8,000       70        100        4        4
48  スキュラ                15,000      120         20        6        1,16

50  ナインテイルズ           9,000       90         90        4        1,4
51  ドリフター                 100       30         30        1        4,16
52  ハウンド                 5,000       50         90        3        4,32
53  男傀儡                   8,000       80         30        4        32,128
54  ジェリーフィッシュ       3,000       70         50        3        16
55  アメーバ                 3,000       60         50        3        8
56  フレッシュゴーレム      25,000      130         25        5        8
57  アグー                   4,000       50         50        3        4

59  Ｃワンプ                 3,000       40        100        2        4
60  Ｃアナコンダ            18,000      180         55        6        4
61  ホフゴブリン             2,000       30        120        2        32,128  ※2回行動
62  タンブルバイン           1,500       50         70        1        2,8
63  根無し草                12,000       60        100        5        2,8
64  メカテンタクルス        10,000       80         70        5        32,512
65  ヴォッキ                10,000      100         60        7        8,32  ※玉ありふたなり折りフラグONの場合ランク5
66  フルヴォッキ             8,000      180         70        7        8,32  ※玉ありふたなり折りフラグONの場合ランク6

70  小悪魔                     500       50         40        7        1  ※パーティーにパチュリーが居る場合ランク1

75  チェイサーバイン         8,000       30         80        4        2
76  プロトクリーナー         9,000       50         70        4        32,512
77  テンタクルウォール       3,000      100         20        3        8,32,256
78  タングルフット          15,000      100         70        5        8,32,256
79  マンドレイク             5,000       50         40        3        1,2
80  YMあなた                10,000       80         70        6        32,128
81  オオガエル               5,000       70          5        2        4,8,16
82  クロヤマガエル          12,000      110         10        4        4,8,16
83  ゲルシューター           5,000       55         10        1        64
84  ホワイトスライム        12,000       75         50        4        8,16,64
85  マミー                  10,000       60         80        3        1,32
86  クリスタルエレメント     7,500       80         65        4        1
87  レイニーバイン           9,500       90         30        4        2
88  スコールバイン          25,000      120         40        6        2
89  ヴォジャノーイ           3,000       70          5        1        4,8,16
90  ギガヴォジャノーイ      22,000      130         15        7        4,8,16
91  ローパー                 7,000       50         75        4        32
92  パラサイトミスト         6,000       50        100        3        32
93  セイレーン               6,000       50        100        5        1,4
94  人食い箱                15,000      140         10        6        8,32
95  ラミア                  11,000      100         60        5        1,4

97  ウォッチャー               600       50     50~120        3        32
98  ヒュプノ               400,000      180        200        7        32
99  テスト触手               1,000       40         35        7

--------------------------------------------------------------------------------

ランク別

--ランク1--             種類
リビングバイン          2
ワーム                  4,8
バンシー                1
サキュバス              1
ヴォジャノーイ          4,8,16
ドリフター              4,16
スモークミスト          32,64
ゲルシューター          64
タンブルバイン          2,8

--ランク2--             種類
サンドバタフライ        1,4
テンタクルス            16
エンジェルドーター      1
ミミック                8,32
ワイヤーゴースト        1
ローズフェアリー        1,2
コウノトリ              4
ホフゴブリン            32,128

--ランク3--             種類
オクトパス              16
マンイーター            2,8
レディポイズン          1,2
ハウンド                4,32
パラサイトミスト        32
ジェリーフィッシュ      16
アメーバ                8
アグー                  4
ゲルスライム            8,64
マミー                  1,32
ウォッチャー            32
テンタクルウォール      8,32,256

--ランク4--             種類
イソツビ                8,16
ミステリードール        32
レイニーバイン          2
レッドプリン            8,64
ダブルイール            8,16
ユニコーン              4
ナインテイルズ          1,4
男傀儡                  32
セイレーン              1,4
ホワイトスライム        8,16,64
クリスタルエレメント    1
プロトクリーナー        32,512
チェイサーバイン        2
ローパー                32

--ランク5--             種類
スライム                8,16,64
アルラウネ              1,2
ショゴスセル            1,8,64
スノウガール            1
サンダーラプター        1,4
レッサーヒュプノ        32
ラミア                  1,4
フェアリーイーター      2,8
フレッシュゴーレム      32
アルケニー              2
メカテンタクルス        32,512

--ランク6--             種類
ダークアイ              32
ビオラキメラ            1,2
フコウノトリ            4
スキュラ                1,16
人食い箱                8,32
YMあなた                32,128

